
602804
602797
602794
602758
602734
602729
602689
602685
602683
602679
602645
602593
602576
602478
602404
602396
602395
602320
602270
602253
602252
602206
602109
602106
602084
602033
601936
601934
601930
601926
601889
601823
601796
601732
601703
601616
601590
601555
601532
601506
601436
601386
601308
601286
601282
601246
601195
601034
601033
600886
600881
600857
600768
600761
600725
600712
600705
600674
600599
600574
600474
600473
600456
600435
600386
600378
600361
600272
600247
600240
600134
600118
600080
600005
599968
599955
599937
599927
599863
599817
599715
599699
599649
599589
599584
599565
599518
599468
599459
599442
599358
599333
599307
599301
599250
599214
599197
599168
599137
599136
599113
599042
599041
599037
599021
598999
598958
598946
598942
598936
598934
598918
598915
598899
598867
598864
598829
598817
598814
598797
598762
598704
598636
598590
598564
598537
598532
598508
598492
598462
598374
598367
598306
598304
598298
598272
598241
598220
598215
598153
598133
598055
598042
597973
597698
597693
597692
597661
597655
597522
597331
597099
597089
597077
597034
597003
596992
596978
596924
596919
596717
596701
596683
596656
596360
596341
596294
596196
596186
596140
595857
595796
595794
595765
595704
595670
595640
595519
595407
595394
595369
595232
595118
595104
595077
595072
595064
595057
595050
595002
594983
594973
594955
594839
594805
594802
594745
594716
594615
594614
594515
594485
594407
594366
594190
594168
593973
593555
593527
593239
593209
593208
593134
593127
593105
593102
593095
593064
593061
593060
593059
592989
592802
592746
592721
592556
592455
592283
592252
592215
592206
592189
592159
592002
591981
591730
591654
591493
591387
591371
591364
591232
591225
591215
591160
591079
590976
590824
590817
590525
590394
590352
590057
589982
589734
589668
587788
587141
586824
586737
586454
586452
586329
586196
585802
585724
585715
585664
585569
585264
585260
585249
585148
585020
584816
584782
584534
584532
584329
584289
584287
584204
584203
584200
583993
583822
583737
583735
583556
583555
583370
583346
583323
583097
582690
582588
582289
582272
582127
581922
581875
581701
581563
581217
580538
580310
580279
580253
580252
580144
579965
579689
579686
579378
579344
579308
579306
579155
578943
578853
578648
578425
578421
578246
578244
578194
578160
578049
577908
577625
577621
577518
577344
577266
577264
577250
577147
577056
576821
576661
576435
575936
575880
575701
575695
575285
575148
575140
575019
574946
574684
574593
574543
574542
574540
574539
574512
574488
574450
574325
574220
574199
574174
574164
574054
574051
574010
573986
573984
573920
573796
573769
573692
573606
573553
573455
573445
573335
573333
573275
573234
573161
573138
573134
572924
572849
572847
572845
572712
572688
572687
572685
572683
572681
572679
572676
572675
572673
572671
572571
572514
572421
572398
572394
572077
572053
571746
571743
571453
571320
571306
571167
571021
570989
570980
570935
570793
570469
570453
570077
570005
569635
569430
569416
569259
569111
568770
568624
568569
568563
568452
568447
568445
568314
568039
567977
567956
567812
567773
567575
567518
567307
567301
567262
567193
567066
567060
566960
566942
566709
566688
566687
566685
566681
566664
566646
566617
566521
566304
566243
565992
565972
565930
565903
565899
565885
565820
565623
565567
565540
565447
565446
565415
565381
565380
565379
565378
565377
565370
565203
565195
565056
564851
564849
564822
564737
564661
564592
564588
564562
564445
564439
564435
564432
564428
564392
564390
564388
564387
564232
564106
564039
564013
564010
564008
564006
563963
563957
563601
563470
563462
563453
563428
563159
563152
563122
563064
563063
563060
563057
563054
562988
562987
562986
562982
562847
562793
562664
562592
562518
562517
562489
562458
562294
562016
562015
562011
561958
561918
561910
561872
561866
561730
561702
561692
561569
561364
561361
561317
561273
561203
561176
561142
561001
560906
560845
560839
560501
560134
560061
559832
559800
559729
559673
559631
559417
559291
559009
559007
558900
558884
558788
558743
558693
558584
558575
558512
558495
558442
558438
558374
558321
558070
557820
557818
557813
557800
557799
557798
557796
557794
557748
557723
557678
557676
557673
557669
557667
557663
557604
557577
557473
557463
557434
557430
557429
557428
557425
557423
557394
557393
557392
557391
557390
557389
557386
557038
556821
556818
556817
556815
556440
556308
556236
556122
555720
555718
555326
555324
555323
555287
555281
555238
555066
555007
554619
554616
554615
554304
554287
554186
553920
553916
553906
553900
553899
553888
553871
553813
553744
553709
553687
553602
553584
553554
553392
553377
553249
553141
553140
553048
552999
552874
552871
552485
552484
552479
551800
551689
551662
551658
551561
551088
550727
550725
550570
550478
550378
550357
550201
549880
549861
549857
549663
549633
549353
549349
549202
549185
549184
549072
548917
548810
548736
548735
548715
548658
548654
548454
548407
548405
548403
548401
548396
548393
548392
548391
547908
547906
547750
547749
547725
547721
547687
547685
547238
547229
547223
547199
547194
547003
546929
546772
546454
546453
546339
546236
546109
546084
546073
546072
545846
545832
545744
545743
545639
545591
545295
545027
544730
544723
544706
544659
544547
544530
543981
543837
543836
543824
543823
543544
543300
543108
543107
542552
542070
542022
541963
541708
541656
541647
541644
541598
541576
541563
541333
541319
541254
541158
541153
541084
540941
540929
540905
540893
540764
540623
540538
540425
540377
540297
540255
540251
540176
540024
540012
539880
539700
539394
539304
539064
538972
538798
538479
538313
538159
538120
538007
537979
537781
537734
537732
537697
537429
537426
537422
537418
537334
537047
537044
537042
537038
537023
537011
536927
536876
536729
536684
536370
536029
535983
535654
535368
535275
535239
535082
534566
534561
534016
533722
533701
533501
533099
532652
532570
531931
531837
531800
531673
531429
531427
530508
530134
529979
529845
529716
529057
529001
528954
528953
528692
528646
528526
528294
527970
527915
526375
524800
524531
524512
524488
524112
524101
524089
524082
523987
523986
523968
523603
523441
523327
523326
522998
522955
522708
522658
522467
522285
522228
522167
522128
522124
522113
521935
521866
521725
521415
521268
521017
520910
520810
520592
520411
520043
519949
519909
519851
519732
519719
519708
519449
519377
519280
519207
519174
519036
518913
518898
518883
518541
518538
518318
518099
517929
517916
517819
517698
517690
517634
517631
517615
517556
517488
517346
517184
517136
517112
517108
516989
516922
516845
516753
516733
516732
516397
516352
516305
516216
516201
516199
516156
516083
516081
516055
516012
516011
515998
515967
515950
515866
515790
515414
515140
515096
514996
514995
514943
514851
514822
514749
514742
514741
514518
514358
514248
514201
514138
514124
514053
514027
514020
514018
513984
513922
513774
513756
513745
513737
513718
513565
513372
513323
513321
513277
513186
513034
513014
512913
512853
512828
512732
512611
512260
512164
512129
512082
511942
511934
511898
511894
511778
511700
511651
511647
511645
511551
511550
511484
511366
511267
511250
511193
511185
511136
511075
511074
511056
510982
510976
510804
510744
510676
510668
510661
510639
510628
510606
510493
510480
510263
510214
510077
510074
510043
510042
510036
510033
509990
509965
509964
509961
509960
509957
509943
509942
509936
509923
509922
509848
509836
509831
509829
509804
509785
509667
509662
509659
509658
509509
509463
509421
509420
509366
509319
509308
509260
509256
509219
509214
509201
509146
509124
509109
509108
509107
509106
509089
509034
509017
508935
508933
508870
508868
508832
508831
508710
508575
508574
508554
508544
508524
508512
508500
508495
508364
508332
508279
508247
508209
508115
508109
508101
507863
507765
507710
507704
507698
507591
507503
507500
507497
507495
507493
507492
507490
507480
507459
507457
507456
507449
507322
507308
507247
507153
506960
506760
506748
506716
506685
506669
506627
506626
506608
506528
506525
506311
506305
506254
506253
506251
506169
505897
505832
505730
505647
505511
505507
505445
505336
505316
505275
505242
505232
505195
505163
505149
505100
505082
505032
504995
504954
504950
504943
504934
504864
504827
504802
504760
504753
504428
504419
504389
504384
504371
504326
504316
504238
504237
504166
504165
504163
504114
504071
504065
504048
504043
504017
504016
504015
504014
504013
503989
503885
503881
503862
503837
503814
503813
503774
503699
503695
503668
503493
503492
503463
503455
503446
503429
503427
503426
503420
503405
503295
503249
503248
503230
503206
503199
503168
503117
503051
503027
502891
502889
502822
502820
502819
502746
502728
502691
502563
502498
502356
502297
502285
502223
502209
502206
502205
502204
502120
501925
501922
501914
501884
501868
501856
501839
501809
501777
501721
501588
501583
501408
501382
501231
501229
501202
501200
501097
501081
501044
501029
500998
500994
500989
500987
500985
500974
500750
500749
500748
500679
500678
500674
500665
500542
500496
500473
500347
500288
500264
500259
500186
499973
499937
499936
499935
499904
499903
499762
499750
499724
499723
499688
499595
499594
499590
499406
499366
499286
499242
499220
499216
499213
499208
499205
499198
499181
499179
499178
499133
499129
499123
499109
499106
498919
498617
498615
498614
498548
498417
498416
498397
498358
498191
498190
498188
498187
498184
498174
497925
497859
497856
497835
497832
497790
497789
497765
497663
497660
497577
497574
497562
497561
497558
497557
497544
497531
497525
497516
497504
497497
497495
497492
497315
497314
497312
497188
497186
497181
497179
497110
497079
497077
497070
497067
496968
496967
496930
496929
496913
496874
496871
496854
496731
496672
496671
496497
496495
496471
496298
496296
496188
496186
496185
496095
496094
495932
495840
495600
495599
495598
495597
495587
495586
495467
495466
495398
495341
495337
495184
495169
495159
495124
495093
495043
494941
494915
494911
494832
494730
494684
494643
494642
494487
494486
494403
494400
494396
494376
494206
494122
494089
493919
493914
493913
493909
493908
493906
493885
493883
493871
493813
493695
493626
493616
493466
493429
493367
493366
493269
493267
493203
493198
493178
493146
493053
492898
492897
492891
492889
492886
492881
492880
492588
492587
492497
492495
492464
492463
492400
492399
492364
492363
492322
492296
492273
492225
492165
492135
492134
491977
491964
491963
491833
491826
491455
491454
491187
491018
490943
490936
490934
490933
490873
490709
490602
490539
490534
490453
490452
490160
490068
490067
490066
490065
490064
489971
489900
489891
489887
489880
489853
489818
489779
489630
489594
489311
489308
489226
489141
488944
488897
488886
488881
488880
488818
488816
488704
488655
488590
488589
488588
488554
488553
488494
488409
488407
488404
487709
487666
487664
487663
487661
487639
487624
487361
487354
487215
487212
486988
486987
486906
486787
486215
485995
485988
485986
485979
485971
485798
485797
485630
485538
485537
485468
485334
485321
485284
485161
485127
485110
484968
484882
484739
484570
484552
484482
484447
484340
484224
484163
484157
484055
483930
483710
483696
483624
483565
483358
483284
483283
483282
483261
483259
483248
483247
483246
483245
483244
483242
483238
483158
483080
483071
482930
482890
482888
482886
482884
482882
482880
482860
482789
482788
482755
482690
482620
482616
482354
482330
482308
482216
482093
481985
481940
481865
481757
481683
481403
481393
481392
481391
481372
481368
481318
481206
481164
481142
481126
480751
480654
480645
480587
480415
480165
480066
479819
479737
479734
479655
479622
479445
479429
479408
479407
479406
479303
479294
479282
479145
479098
479096
479070
479068
479066
479041
478711
478560
478559
478480
478345
478216
477874
477802
477679
477643
477618
477605
477523
477490
477371
477337
477329
477243
477240
477238
477234
477231
477225
476630
476628
476622
476621
476412
476372
476211
475896
475591
475589
474887
474885
474874
474871
474870
474869
474867
474863
474860
474473
474445
474431
473776
473185
472194
472192
471598
471597
471564
471563
471426
471425
471351
471349
470934
470889
470837
470833
470828
470822
470644
470643
470619
470610
470595
470584
470552
470543
470538
470535
470424
470417
470306
470305
470300
470294
470170
470155
469883
469745
469740
469167
469160
469150
469000
468593
468323
468322
468093
467812
467732
467668
467613
467610
467141
466536
466266
466184
466082
466080
465921
465814
465664
465663
465529
465382
465336
465333
465332
465067
464743
464724
464470
464228
464124
463038
461891
461890
461122
461117
461037
461036
460801
460780
460696
460601
460166
459559
459557
459556
459555
459546
459543
459540
459539
459537
459458
459414
459319
459263
458893
458878
458848
458756
458624
458503
458330
458230
458229
458160
457966
457892
457838
457616
457302
457298
457281
457276
457229
457018
456907
456778
456609
456480
456479
456188
456169
456089
456052
455990
455749
455679
455352
455208
455205
455203
455191
455109
455079
454813
454811
454810
454808
454807
454752
454739
454729
454725
454684
454682
454574
454563
454560
454450
454291
454201
454177
454096
454015
453920
453913
453877
453874
453755
453754
453549
453484
453473
453311
453305
453304
453301
453297
453291
453261
453159
453158
453112
453063
453022
453013
453010
452383
452222
451987
451968
451944
451943
451942
451941
451917
451827
451701
451681
451620
451603
451594
451532
451530
451527
451516
451499
451490
451486
451457
451326
451221
451209
451110
451108
451107
451101
451071
450805
450803
450802
450801
450800
450799
450785
450782
450748
450747
450746
450745
450743
450713
450676
450675
450673
450672
450619
450618
450617
450615
450613
450611
450522
450392
450391
450389
450318
450316
450314
450310
450227
450226
450224
450223
450222
450221
450220
450117
449999
449998
449818
449755
449741
449504
449502
449283
449275
449266
449256
449248
449246
449244
449243
449242
449109
448273
448138
448136
448113
448086
447992
447991
447751
447739
447737
447454
447201
447200
447199
447147
447046
447044
447043
446976
446973
446970
446377
446376
446261
446260
446021
446019
446013
446011
445976
445925
445924
445772
445770
445632
445523
445515
445482
445366
445349
445199
445198
444990
444986
444412
444397
444393
444243
444241
444144
444113
444111
443884
443806
443675
443504
443490
443456
443064
442758
442756
442568
442038
442036
442034
442033
442032
441823
441665
441545
440977
440870
440865
440736
440696
440694
440462
440394
440263
440257
440186
440167
439983
439982
439606
439497
439468
439305
439230
439060
439035
439034
439033
438721
438692
438681
438679
438661
438559
438472
438449
438335
438333
438319
438293
438224
438201
438134
438094
438056
438053
438021
437983
437930
437878
437873
437715
437702
437655
437571
437568
437566
437299
437255
437009
436927
436578
436469
436458
436338
436291
436218
436183
436157
435931
435925
435923
435859
435786
435707
435598
435504
435475
435474
435473
435425
435308
435240
435144
435040
434927
434795
434661
434540
434099
434053
434049
433839
433760
433564
433085
432693
432430
432064
431453
430801
430408
430407
429671
429007
428648
428409
427896
427156
427155
426298
425135
424356
424166
424132
423753
423132
422873
422770
422139
421958
421738
421727
421726
421420
420728
420236
419908
419907
419878
419755
419744
419536
419529
419186
419095
418889
418596
418493
418490
418360
418203
418172
418099
418050
418049
417955
417926
417885
417808
417485
417211
417210
417113
416935
416786
416631
416624
416622
416617
416573
416523
416270
416113
415986
415976
415973
415971
415910
415880
415864
415691
415687
415539
415415
415414
415254
415147
415103
415002
414943
414717
414576
414552
414501
414485
414484
414364
414234
414107
413911
413783
413591
413579
413416
413409
413245
413244
413237
413230
413201
412973
412779
412754
412601
412581
412578
412518
412463
412173
412134
411831
411825
411577
411568
411567
411538
411343
411342
411341
411186
411160
411154
411092
411090
410985
410888
410822
410778
410574
409813
409363
409230
409172
409169
409081
409080
409079
408676
408509
408407
408404
408400
408399
408103
408101
408090
408088
408011
408009
407638
407636
407630
407445
407444
407050
407049
406637
406636
406408
406297
406196
406092
406046
406042
406035
406031
406013
406009
405934
405408
405209
403889
403863
403634
403624
403550
403545
403040
403034
403017
402975
402694
402691
402690
402689
402492
402451
402141
402054
402052
401947
401867
401420
401419
401418
400964
400930
400525
400300
400144
400139
400133
399798
399763
399506
399482
399326
399303
399297
399260
399031
398825
398781
398705
398390
398369
398364
398363
398360
398356
398355
398048
397623
397622
397561
397525
397524
396912
396630
396508
396459
395783
395745
395630
395589
395582
395431
395149
395146
394647
394644
394593
394589
394581
394565
394563
394562
394561
394549
394546
393963
393945
393595
393426
393423
393422
393420
393418
393235
392917
392687
392147
391203
390704
390662
389827
389544
389467
388989
388948
388210
388075
388074
387865
387816
387482
387257
387153
387052
387024
387018
386788
386745
386729
386460
386459
386454
386450
386067
385619
385462
385460
385136
384845
384613
384427
384426
384423
384412
384408
384212
384153
384152
384045
383960
383935
383933
383882
383758
383700
383681
383680
383643
383298
383116
383112
383082
383044
382944
382869
382867
382816
382590
382586
382373
382372
382333
382320
381829
381815
381813
381806
381772
381762
381758
381757
381754
381753
381730
381675
381673
381033
380889
380884
380776
380736
380702
380701
380536
380419
380417
380403
379649
379559
379536
379359
379343
379252
379250
379249
379182
379124
379059
379053
378996
378988
378946
378868
378867
378855
378852
378597
378595
378390
378347
378275
378269
378046
378023
377984
377833
377832
377645
377511
377344
377331
377217
377216
377207
377117
376921
376645
376635
376371
376349
376290
376287
376243
376236
375651
375649
375648
375230
375151
375090
375089
374864
374776
374651
374650
374553
374549
374546
374451
374410
374407
374350
374341
374251
374197
374195
374105
374062
374023
374021
373907
373874
373861
373482
373333
373332
373318
373317
373254
373230
372966
372888
372653
372652
372434
372433
372236
372231
372051
371831
371632
371631
371573
371570
371489
371339
371238
371205
371203
370830
370829
370672
370582
370579
370409
370408
370327
370187
370168
369792
369789
369686
369684
369613
369612
369208
369203
369140
369134
369129
369034
369030
368887
353678
353677
350997
348418
347738
347617
343440
342319
339218
339057
338657
334537
333937
333883
333878
333178
333157
333140
333121
331037
327060
327058
326099
324677
324217
323337
322177
319937
318015
316895
316796
313436
312994
312414
311655
306039
302014
297314
295414
295336
293534
291834
291321
289448
289054
284833
283533
282994
282294
281813
281454
281337
281153
281115
280877
280742
280714
280511
279690
278912
278011
274590
273110
272830
271850
266872
266510
264330
260326
253406
253186
252847
249966
248587
247326
246986
240986
240966
237706
237687
237671
237669
235466
233786
230946
230726
225886
223807
223406
220766
214666
214646
206226
205356
205081
204974
204807
201828
201804
201419
201412
200185
200171
200128
199779
199749
199663
199660
199608
199579
199472
199441
199252
199063
199033
199032
199014
198536
198488
198340
198321
197481
197064
197063
197048
196803
196757
196756
196690
196665
196664
196625
196609
196598
196419
195737
195611
195436
195305
194788
194490
194348
194345
194327
194317
194297
194055
194050
193315
193308
193164
192338
192037
191959
191759
191758
191380
191025
190998
190779
190538
190535
190494
190038
189910
189907
189884
189669
189203
188936
188734
188554
188422
188416
188147
188102
187999
187998
187814
187792
187761
187737
186966
186965
186964
186947
186946
186774
186654
186653
186515
186477
186448
186447
186177
186003
185927
185834
185833
185831
185813
185660
185658
185647
185602
185565
185563
185535
185534
185389
185388
185348
185327
185317
185313
185144
185122
185072
185066
185037
185035
184981
184961
184734
184732
184731
184721
184701
184428
184247
184246
184091
184074
184070
184069
184052
184023
184011
183791
183747
183741
183563
183562
183542
183539
183169
183168
183156
183153
183107
183095
182975
182946
182944
182942
182800
182796
182795
182754
182401
182396
182323
182303
182181
182117
181977
181754
181752
181613
181461
181326
181306
181283
181152
180919
180918
180324
180308
180294
179995
179826
179801
179779
179612
179512
179490
179349
179199
179098
178721
178718
178717
178652
178615
178547
178420
178402
178190
178168
178118
178115
178094
177961
177909
177825
177383
177381
177146
177133
177119
177113
176939
176922
176891
176888
176644
176642
176639
176600
176583
176582
176580
176564
176518
176400
176398
176149
176132
176115
176107
175967
175680
175678
175438
175428
174948
174946
174925
174864
174846
174845
174690
174676
174539
174331
174327
174326
174313
174311
174115
174087
174085
174082
174065
174046
174045
174040
174007
173974
173973
173804
173762
173559
173527
173525
173255
172797
172792
172722
172643
172569
172453
172422
172398
172386
172277
172276
172024
171887
171876
171813
171712
171674
171624
171613
171524
171505
171130
171058
171057
170466
170421
170227
170143
169908
169745
169733
169599
169574
169570
169539
169476
169300
169299
169127
169125
169081
169077
169076
169053
169006
168984
168977
168976
168975
168973
168972
168971
168822
168820
168805
168802
168738
168718
168332
168328
168237
168228
168012
167689
167683
167682
167678
167372
167190
167186
166994
166978
166380
166213
166194
166143
166142
165145
165144
164912
164911
164897
164896
163683
163682
163367
163335
163280
163188
163176
163152
163150
163002
162996
162840
162839
162816
162815
162536
162509
162045
161974
161973
161905
161847
161844
161831
161730
161666
161251
161007
160557
160477
160248
160246
160069
160068
159930
159928
159887
159886
159872
159590
159523
159442
159329
159254
159122
159119
158729
158274
158257
158240
157888
157824
155840
155514
155513
155133
154920
153881
152728
152153
151768
149165
149163
147927
146351
146333
145847
145560
145013
145012
144993
144992
144264
144261
143509
143501
143055
143053
142432
142384
142190
141502
139320
139319
138854
138851
138607
138593
138494
138054
137994
137293
137273
136577
136559
136528
136527
136374
136144
136022
134824
133807
133805
133624
133615
133614
133609
133109
133108
132937
132607
132605
132172
132159
131803
130889
130885
130608
130605
130266
130247
129571
129569
129291
129277
129164
129144
128075
128073
128056
124684
124610
124586
124584
124576
123198
123188
123187
122187
122174
121505
121333
120165
120145
117946
117945
116644
116626
116387
116377
113294
113271
112557
109094
108935
108932
103538
103536
603436
603432
603414
603311
603231
603194
603181
603171
603132
603116
603114
603113
603111
602804
602797
602794
602758
602734
602729
602689
602685
602683
602679
602645
602593
602576
602478
602404
602396
602395
602320
602270
602253
602252
602206
602109
602106
602084
602033
601936
601934
601930
601926
601889
601823
601796
601732
601703
601616
601590
601555
601532
601506
601436
601386
601308
601286
601282
601246
601195
601034
601033
600886
600881
600857
600768
600761
600725
600712
600705
600674
600599
600574
600474
600473
600456
600435
600386
600378
600361
600272
600247
600240
600134
600118
600080
600005
599968
599955
599937
599927
599863
599817
599715
599699
599649
599589
599584
599565
599518
599468
599459
599442
599358
599333
599307
599301
599250
599214
599197
599168
599137
599136
599113
599042
599041
599037
599021
598999
598958
598946
598942
598936
598934
598918
598915
598899
598867
598864
598829
598817
598814
598797
598762
598704
598636
598590
598564
598537
598532
598508
598492
598462
598374
598367
598306
598304
598298
598272
598241
598220
598215
598153
598133
598055
598042
597973
597698
597693
597692
597661
597655
597522
597331
597099
597089
597077
597034
597003
596992
596978
596924
596919
596717
596701
596683
596656
596360
596341
596294
596196
596186
596140
595857
595796
595794
595765
595704
595670
595640
595519
595407
595394
595369
595232
595118
595104
595077
595072
595064
595057
595050
595002
594983
594973
594955
594839
594805
594802
594745
594716
594615
594614
594515
594485
594407
594366
594190
594168
593973
593555
593527
593239
593209
593208
593134
593127
593105
593102
593095
593064
593061
593060
593059
592989
592802
592746
592721
592556
592455
592283
592252
592215
592206
592189
592159
592002
591981
591730
591654
591493
591387
591371
591364
591232
591225
591215
591160
591079
590976
590824
590817
590525
590394
590352
590057
589982
589734
589668
587788
587141
586824
586737
586454
586452
586329
586196
585802
585724
585715
585664
585569
585264
585260
585249
585148
585020
584816
584782
584534
584532
584329
584289
584287
584204
584203
584200
583993
583822
583737
583735
583556
583555
583370
583346
583323
583097
582690
582588
582289
582272
582127
581922
581875
581701
581563
581217
580538
580310
580279
580253
580252
580144
579965
579689
579686
579378
579344
579308
579306
579155
578943
578853
578648
578425
578421
578246
578244
578194
578160
578049
577908
577625
577621
577518
577344
577266
577264
577250
577147
